===== HEX DUMP FIRST 1024 BYTES =====
0000: 00 00 00 00 00 00 00 00 00 00 00 00 00 00 00 00 
0010: 00 00 00 00 00 00 00 00 00 00 00 00 00 00 00 00 
0020: 00 00 00 00 00 00 00 00 00 00 00 00 00 00 00 00 
0030: 00 00 00 00 00 00 00 00 00 00 00 00 00 00 00 00 
0040: 00 00 00 00 00 00 00 00 00 00 00 00 00 00 00 00 
0050: 00 00 00 00 00 00 00 00 00 00 00 00 00 00 00 00 
0060: 00 00 00 00 00 00 00 00 00 00 00 00 00 00 00 00 
0070: 00 00 00 00 00 00 00 00 00 00 00 00 00 00 00 00 
0080: 00 00 00 00 00 00 00 00 00 00 00 00 00 00 00 00 
0090: 00 00 00 00 00 00 00 00 00 00 00 00 00 00 00 00 
00A0: 00 00 00 00 00 00 00 00 00 00 00 00 00 00 00 00 
00B0: 00 00 00 00 00 00 00 00 00 00 00 00 00 00 00 00 
00C0: 00 00 00 00 00 00 00 00 00 00 00 00 00 00 00 00 
00D0: 00 00 00 00 00 00 00 00 00 00 00 00 00 00 00 00 
00E0: 00 00 00 00 00 00 00 00 00 00 00 00 00 00 00 00 
00F0: 00 00 00 00 00 00 00 00 00 00 00 00 00 00 00 00 
0100: 00 00 00 00 00 00 00 00 00 00 00 00 00 00 00 00 
0110: 00 01 00 01 00 01 00 40 00 00 00 20 00 20 00 02 
0120: 00 01 00 01 00 20 00 00 00 20 00 20 00 03 00 01 
0130: 00 01 00 00 00 00 00 20 00 20 00 04 00 01 00 01 
0140: 00 60 00 00 00 20 00 20 00 05 00 01 00 90 15 00 
0150: 00 00 00 00 01 A0 00 06 00 01 00 9A 15 00 00 00 
0160: 00 00 01 60 00 07 00 01 00 9B 15 00 00 00 00 60 
0170: 00 60 00 08 00 01 00 9C 15 00 00 00 00 60 00 60 
0180: 00 09 00 01 00 9D 15 00 00 00 00 00 01 BC 00 0A 
0190: 00 01 00 9E 15 00 00 00 00 20 00 20 00 0B 00 01 
01A0: 00 9E 15 20 00 00 00 20 00 20 00 0C 00 01 00 9E 
01B0: 15 00 00 20 00 20 00 20 00 0D 00 01 00 9E 15 20 
01C0: 00 20 00 20 00 20 00 0E 00 01 00 9F 15 00 00 00 
01D0: 00 32 00 2A 00 0F 00 01 00 A0 15 00 00 00 00 0B 
01E0: 00 1B 00 10 00 01 00 A0 15 0B 00 00 00 0B 00 1B 
01F0: 00 11 00 01 00 A0 15 16 00 00 00 0B 00 1B 00 12 
0200: 00 01 00 A0 15 21 00 00 00 0B 00 1B 00 13 00 01 
0210: 00 A0 15 2C 00 00 00 0B 00 1B 00 14 00 01 00 A0 
0220: 15 37 00 00 00 0B 00 1B 00 15 00 01 00 A0 15 42 
0230: 00 00 00 0B 00 1B 00 16 00 01 00 A0 15 4D 00 00 
0240: 00 0B 00 1B 00 17 00 01 00 A0 15 58 00 00 00 0B 
0250: 00 1B 00 18 00 01 00 A0 15 63 00 00 00 0B 00 1B 
0260: 00 19 00 0A 00 0F 00 10 00 11 00 12 00 13 00 14 
0270: 00 15 00 16 00 17 00 18 00 01 00 1A 00 01 00 A1 
0280: 15 00 00 00 00 33 00 51 00 1B 00 01 00 A1 15 33 
0290: 00 00 00 33 00 51 00 1C 00 01 00 A1 15 66 00 00 
02A0: 00 33 00 51 00 1D 00 01 00 A1 15 99 00 00 00 33 
02B0: 00 51 00 1E 00 04 00 1A 00 1B 00 1C 00 1D 00 01 
02C0: 00 1F 00 01 00 A2 15 00 00 00 00 3C 00 36 00 20 
02D0: 00 01 00 A3 15 00 00 00 00 28 00 1E 00 21 00 01 
02E0: 00 A4 15 00 00 00 00 00 01 BC 00 22 00 01 00 A5 
02F0: 15 00 00 00 00 00 01 A0 00 23 00 01 00 A6 15 00 
0300: 00 00 00 00 01 60 00 24 00 01 00 A7 15 00 00 00 
0310: 00 23 00 20 00 25 00 01 00 A8 15 00 00 00 00 23 
0320: 00 20 00 26 00 01 00 A9 15 00 00 00 00 23 00 23 
0330: 00 27 00 01 00 A9 15 23 00 00 00 23 00 23 00 28 
0340: 00 01 00 A9 15 46 00 00 00 23 00 23 00 29 00 01 
0350: 00 A9 15 69 00 00 00 23 00 23 00 2A 00 01 00 A9 
0360: 15 8C 00 00 00 23 00 23 00 2B 00 01 00 A9 15 AF 
0370: 00 00 00 23 00 23 00 2C 00 01 00 A9 15 D2 00 00 
0380: 00 23 00 23 00 2D 00 01 00 A9 15 F5 00 00 00 23 
0390: 00 23 00 2E 00 01 00 A9 15 18 01 00 00 23 00 23 
03A0: 00 2F 00 01 00 A9 15 3B 01 00 00 23 00 23 00 30 
03B0: 00 01 00 A9 15 5E 01 00 00 23 00 23 00 31 00 0B 
03C0: 00 26 00 27 00 28 00 29 00 2A 00 2B 00 2C 00 2D 
03D0: 00 2E 00 2F 00 30 00 02 00 32 00 01 00 AA 15 00 
03E0: 00 00 00 4B 00 4B 00 33 00 01 00 AB 15 00 00 00 
03F0: 00 23 00 1E 00 34 00 01 00 AC 15 00 00 00 00 2D 

===== END HEX DUMP =====
